name: discopt
channels:
- defaults
dependencies:
- bleach=1.5.0=py36_0
- certifi=2016.2.28=py36_0
- colorama=0.3.9=py36_0
- cycler=0.10.0=py36h009560c_0
- decorator=4.1.2=py36_0
- entrypoints=0.2.3=py36_0
- freetype=2.8=vc14h17c9bdf_0
- html5lib=0.9999999=py36_0
- icc_rt=2017.0.4=h97af966_0
- icu=57.1=vc14_0
- intel-openmp=2018.0.0=hcd89f80_7
- ipykernel=4.6.1=py36_0
- ipython=6.1.0=py36_0
- ipython_genutils=0.2.0=py36_0
- ipywidgets=6.0.0=py36_0
- jedi=0.10.2=py36_2
- jinja2=2.9.6=py36_0
- jpeg=9b=vc14_0
- jsonschema=2.6.0=py36_0
- jupyter=1.0.0=py36_3
- jupyter_client=5.1.0=py36_0
- jupyter_console=5.2.0=py36_0
- jupyter_core=4.3.0=py36_0
- libpng=1.6.32=vc14h5163883_3
- markupsafe=1.0=py36_0
- matplotlib=2.1.0=py36h11b4b9c_0
- mistune=0.7.4=py36_0
- mkl=2018.0.0=h36b65af_4
- nbconvert=5.2.1=py36_0
- nbformat=4.4.0=py36_0
- notebook=5.0.0=py36_0
- numpy=1.13.3=py36ha320f96_0
- openssl=1.0.2l=vc14_0
- pandocfilters=1.4.2=py36_0
- path.py=10.3.1=py36_0
- pickleshare=0.7.4=py36_0
- pip=9.0.1=py36_1
- prompt_toolkit=1.0.15=py36_0
- pygments=2.2.0=py36_0
- pyparsing=2.2.0=py36h785a196_1
- pyqt=5.6.0=py36_2
- python=3.6.2=0
- python-dateutil=2.6.1=py36_0
- pytz=2017.2=py36h05d413f_1
- pyzmq=16.0.2=py36_0
- qt=5.6.2=vc14_6
- qtconsole=4.3.1=py36_0
- setuptools=36.4.0=py36_0
- simplegeneric=0.8.1=py36_1
- sip=4.18=py36_0
- six=1.10.0=py36_0
- testpath=0.3.1=py36_0
- tornado=4.5.2=py36_0
- traitlets=4.3.2=py36_0
- vc=14=h2379b0c_1
- vs2015_runtime=14.0.25420=0
- wcwidth=0.1.7=py36_0
- wheel=0.29.0=py36_0
- widgetsnbextension=3.0.2=py36_0
- wincertstore=0.2=py36_0
- zlib=1.2.11=vc14_0
- pip:
  - appdirs==1.4.3
  - ipython-genutils==0.2.0
  - jupyter-client==5.1.0
  - jupyter-console==5.2.0
  - jupyter-core==4.3.0
  - prompt-toolkit==1.0.15
  - protobuf==3.2.0
  - pymzn==0.14.8
  - pyyaml==3.12
prefix: D:\Users\Giulio\Miniconda3\envs\discopt
